0.0
0.0
0.0
-0.7013591384936989
0.0
0.0
0.0
-0.2355628710246258
0.0
0.0
0.0
0.14441308165669858
0.0
0.0
0.0
0.35606536691698687
0.0
0.0
0.0
0.36604995016465935
0.0
0.0
0.0
-0.5725361314582424
-0.5085129217678644
-0.1516272513041271
-0.34002366175461474
-0.3748259107585477
0.0
0.0
0.0
-0.08888703729263894
0.0
0.0
0.0
0.3971683680946487
0.0
0.0
0.0
0.4710026416617332
-0.4045461205969519
-0.7380520142162145
-0.11763539987361986
-0.5704987389612433
-1.500361511009046
-0.29899884050601433
-0.7779410436698908
-0.31530365718069286
-1.7519257794329097
0.11311182231786156
-0.7115577966980677
-0.13378079320905567
-1.2172708588458852
0.429811302360296
-0.6398385105018236
0.25571076213641686
0.19636167445981592
0.9713455879428893
-0.1832383821098617
0.45529663794466535
-1.4532130027834973
-1.6313046776643594
-0.9725591632100585
-0.4170966632377247
-3.669910376117678
-0.6233732587172804
-1.5194822545824114
-0.1872206515189551
-4.180257870557349
0.09103622974288911
-1.5810847940535375
-0.022133635270902337
-3.364138315306985
0.7557089636118998
-1.471622534182251
0.1463761741585308
-0.8875856593663999
1.7803673001461011
-1.0683319904770263
0.3329223299147576
-4.7146452700011094
-2.2805928684051953
-2.3316644139008424
-0.2771865306021689
-7.829150077329393
-0.8599486705113588
-2.7128624123505376
-0.10957568639505566
-8.336804669019205
0.1381865233293988
-2.478024832895967
0.017767562350651783
-7.359876794468503
0.905978056539599
-2.497659176739233
0.013152826206377328
-4.390241895300485
2.246813853957281
-2.5455068607628584
0.11826386780729344
