0.0
0.0
0.0
0.0010965375964721211
0.0
0.0
0.0
0.0053385359428334105
0.0
0.0
0.0
0.0
0.0
0.0
0.0
-0.0053385359428334105
0.0
0.0
0.0
-0.0010965375964721216
0.0
0.0
0.0
0.0
0.26092454515668095
0.04854741778142802
-3.469446951953614e-18
0.0
0.0
0.0
0.0
0.0
0.0
0.0
0.0
-2.168404344971009e-18
0.0
0.0
0.0
-2.168404344971009e-19
0.0
0.0
-0.0044189616228406834
-0.0021930751929442422
-2.0816681711721685e-17
3.469446951953614e-18
-0.05738534102710939
-0.010677071885666821
-4.163336342344337e-17
0.0
-0.10593275880853742
0.0
-6.938893903907228e-18
-1.734723475976807e-18
-0.0573853410271094
0.010677071885666821
0.0
0.0
-0.004418961622840684
0.002193075192944243
-0.020092510227652717
-0.009971660653598823
-4.336808689942018e-19
0.0
-0.26092454515668106
-0.04854741778142803
3.469446951953614e-18
0.0
-0.4816640698580566
0.0
6.938893903907228e-18
0.0
-0.26092454515668095
0.04854741778142803
6.938893903907228e-18
4.336808689942018e-19
-0.02009251022765271
0.009971660653598823
0.0
2.168404344971009e-19
-0.005073653039474117
-0.002517990326271272
0.0022094808114203417
0.0010965375964721216
-0.0658872682710214
-0.0122589338512004
0.028692670513554695
0.0053385359428334105
-0.12162723046309458
3.469446951953614e-18
0.05296637940426871
0.0
-0.0658872682710214
0.0122589338512004
0.028692670513554695
-0.0053385359428334105
-0.005073653039474117
0.002517990326271272
0.002209480811420342
-0.0010965375964721218
